5 2 4 8 7 3 6 1 9 
8 7 3 6 1 9 5 2 4 
6 1 9 5 2 4 8 7 3 
2 4 5 7 3 8 1 9 6 
7 3 8 1 9 6 2 4 5 
1 9 6 2 4 5 7 3 8 
4 5 2 3 8 7 9 6 1 
3 8 7 9 6 1 4 5 2 
9 6 1 4 5 2 3 8 7 

5 2 4 8 7 3 6 1 9 
8 7 3 6 1 9 5 2 4 
6 1 9 5 2 4 8 7 3 
2 4 5 7 3 8 1 9 6 
7 3 8 1 9 6 2 4 5 
1 9 6 2 4 5 7 3 8 
4 5 2 3 8 7 9 6 1 
3 8 7 9 6 1 4 5 2 
9 6 1 4 5 2 3 8 7 

5 2 4 8 7 3 6 1 9 
8 7 3 6 1 9 5 2 4 
6 1 9 5 2 4 8 7 3 
2 4 5 7 3 8 1 9 6 
7 3 8 1 9 6 2 4 5 
1 9 6 2 4 5 7 3 8 
4 5 2 3 8 7 9 6 1 
3 8 7 9 6 1 4 5 2 
9 6 1 4 5 2 3 8 7 

5 2 4 8 7 3 6 1 9 
8 7 3 6 1 9 5 2 4 
6 1 9 5 2 4 8 7 3 
2 4 5 7 3 8 1 9 6 
7 3 8 1 9 6 2 4 5 
1 9 6 2 4 5 7 3 8 
4 5 2 3 8 7 9 6 1 
3 8 7 9 6 1 4 5 2 
9 6 1 4 5 2 3 8 7 

5 2 4 8 7 3 6 1 9 
8 7 3 6 1 9 5 2 4 
6 1 9 5 2 4 8 7 3 
2 4 5 7 3 8 1 9 6 
7 3 8 1 9 6 2 4 5 
1 9 6 2 4 5 7 3 8 
4 5 2 3 8 7 9 6 1 
3 8 7 9 6 1 4 5 2 
9 6 1 4 5 2 3 8 7 

5 2 4 8 7 3 6 1 9 
8 7 3 6 1 9 5 2 4 
6 1 9 5 2 4 8 7 3 
2 4 5 7 3 8 1 9 6 
7 3 8 1 9 6 2 4 5 
1 9 6 2 4 5 7 3 8 
4 5 2 3 8 7 9 6 1 
3 8 7 9 6 1 4 5 2 
9 6 1 4 5 2 3 8 7 

5 2 4 8 7 3 6 1 9 
8 7 3 6 1 9 5 2 4 
6 1 9 5 2 4 8 7 3 
2 4 5 7 3 8 1 9 6 
7 3 8 1 9 6 2 4 5 
1 9 6 2 4 5 7 3 8 
4 5 2 3 8 7 9 6 1 
3 8 7 9 6 1 4 5 2 
9 6 1 4 5 2 3 8 7 

5 2 4 8 7 3 6 1 9 
8 7 3 6 1 9 5 2 4 
6 1 9 5 2 4 8 7 3 
2 4 5 7 3 8 1 9 6 
7 3 8 1 9 6 2 4 5 
1 9 6 2 4 5 7 3 8 
4 5 2 3 8 7 9 6 1 
3 8 7 9 6 1 4 5 2 
9 6 1 4 5 2 3 8 7 

5 2 4 8 7 3 6 1 9 
8 7 3 6 1 9 5 2 4 
6 1 9 5 2 4 8 7 3 
2 4 5 7 3 8 1 9 6 
7 3 8 1 9 6 2 4 5 
1 9 6 2 4 5 7 3 8 
4 5 2 3 8 7 9 6 1 
3 8 7 9 6 1 4 5 2 
9 6 1 4 5 2 3 8 7 

5 2 4 8 7 3 6 1 9 
8 7 3 6 1 9 5 2 4 
6 1 9 5 2 4 8 7 3 
2 4 5 7 3 8 1 9 6 
7 3 8 1 9 6 2 4 5 
1 9 6 2 4 5 7 3 8 
4 5 2 3 8 7 9 6 1 
3 8 7 9 6 1 4 5 2 
9 6 1 4 5 2 3 8 7 

